121,
8,21,0,1000001,0,,1,
8,22,0,1000001,0,,1,
8,23,0,1000001,0,,1,
9,19,0,1000001,0,,1,
9,20,0,1000001,0,,1,
9,21,0,1000001,0,,1,
9,22,0,1000001,0,,1,
9,23,0,1000001,0,,1,
9,24,0,1000001,0,,1,
9,25,0,1000001,0,,1,
10,17,0,1000001,0,,1,
10,18,0,1000001,0,,1,
10,19,0,1000001,0,,1,
10,20,0,1000001,0,,1,
10,21,0,1000001,0,,1,
10,22,0,1000001,0,,1,
10,23,0,1000001,0,,1,
10,24,0,1000001,0,,1,
10,25,0,1000001,0,,1,
10,26,0,1000001,0,,1,
10,27,0,1000001,0,,1,
11,15,0,1000001,0,,1,
11,16,0,1000001,0,,1,
11,17,0,1000001,0,,1,
11,18,0,1000001,0,,1,
11,19,0,1000001,0,,1,
11,20,0,1000001,0,,1,
11,21,0,1000001,0,,1,
11,22,0,1000001,0,,1,
11,23,0,1000001,0,,1,
11,24,0,1000001,0,,1,
11,25,0,1000001,0,,1,
11,26,0,1000001,0,,1,
11,27,0,1000001,0,,1,
11,28,0,1000001,0,,1,
11,29,0,1000001,0,,1,
12,13,0,50000011,0,,1,
12,14,0,50000011,0,,1,
12,15,0,50000011,0,,1,
12,16,0,1000001,0,,1,
12,17,0,1000001,0,,1,
12,18,0,1000001,0,,1,
12,19,0,1000001,0,,1,
12,20,0,1000001,0,,1,
12,21,0,1000001,0,,1,
12,22,0,1000001,0,,1,
12,23,0,1000001,0,,1,
12,24,0,1000001,0,,1,
12,25,0,1000001,0,,1,
12,26,0,1000001,0,,1,
12,27,0,1000001,0,,1,
12,28,0,1000001,0,,1,
12,29,0,50000011,0,,1,
12,30,0,50000011,0,,1,
12,31,0,50000011,0,,1,
13,12,0,50000011,0,,1,
13,13,0,50000011,0,,1,
13,14,0,50000011,0,,1,
13,15,0,50000011,0,,1,
13,16,0,50000011,0,,1,
13,17,0,50000011,0,,1,
13,18,0,1000001,0,,1,
13,19,0,1000001,0,,1,
13,20,0,1000001,0,,1,
13,21,0,1000001,0,,1,
13,22,0,1000001,0,,1,
13,23,0,1000001,0,,1,
13,24,0,1000001,0,,1,
13,25,0,1000001,0,,1,
13,26,0,1000001,0,,1,
13,27,0,50000011,0,,1,
13,28,0,50000011,0,,1,
13,29,0,50000011,0,,1,
13,30,0,50000011,0,,1,
13,31,0,50000011,0,,1,
13,32,0,50000011,0,,1,
14,14,0,50000011,0,,1,
14,15,0,50000011,0,,1,
14,16,0,50000011,0,,1,
14,17,0,50000011,0,,1,
14,18,0,50000011,0,,1,
14,19,0,50000011,0,,1,
14,20,0,1000001,0,,1,
14,21,0,1000001,0,,1,
14,22,0,1000001,0,,1,
14,23,0,1000001,0,,1,
14,24,0,1000001,0,,1,
14,25,0,50000011,0,,1,
14,26,0,50000011,0,,1,
14,27,0,50000011,0,,1,
14,28,0,50000011,0,,1,
14,29,0,50000011,0,,1,
14,30,0,50000011,0,,1,
15,16,0,50000011,0,,1,
15,17,0,50000011,0,,1,
15,18,0,50000011,0,,1,
15,19,0,50000011,0,,1,
15,20,0,50000011,0,,1,
15,21,0,50000011,0,,1,
15,22,0,1000001,0,,1,
15,23,0,50000011,0,,1,
15,24,0,50000011,0,,1,
15,25,0,50000011,0,,1,
15,26,0,50000011,0,,1,
15,27,0,50000011,0,,1,
15,28,0,50000011,0,,1,
16,18,0,50000011,0,,1,
16,19,0,50000011,0,,1,
16,20,0,50000011,0,,1,
16,21,0,50000011,0,,1,
16,22,0,50000011,0,,1,
16,23,0,50000011,0,,1,
16,24,0,50000011,0,,1,
16,25,0,50000011,0,,1,
16,26,0,50000011,0,,1,
17,20,0,50000011,0,,1,
17,21,0,50000011,0,,1,
17,22,0,50000011,0,,1,
17,23,0,50000011,0,,1,
17,24,0,50000011,0,,1,
18,22,0,50000011,0,,1,
25,
10,17,1,605001,605001,,0,5004,2,
10,18,1,604001,604001,,0,4004,2,
10,21,0,600001,600001,,1,1,2,
11,16,1,603001,603001,,0,3001,2,
11,22,0,601001,601001,,1,1002,2,
11,23,0,602001,602001,,1,2001,2,
12,14,2,0,50000015,,1,0,0,
12,15,2,0,50000015,,1,0,0,
12,29,1,0,50000015,,1,0,0,
12,30,1,0,50000015,,1,0,0,
13,16,2,50000015,50000015,,0,0,0,
13,17,2,50000015,50000015,,0,0,0,
13,27,1,50000015,50000015,,1,0,0,
13,28,1,50000015,50000015,,1,0,0,
14,18,2,50000015,50000015,,0,0,0,
14,19,2,50000015,50000015,,0,0,0,
14,25,1,50000015,50000015,,1,0,0,
14,26,1,50000015,50000015,,1,0,0,
15,20,2,50000015,50000015,,0,0,0,
15,21,2,50000015,50000015,,0,0,0,
15,23,1,50000015,50000015,,1,0,0,
15,24,1,50000015,50000015,,1,0,0,
16,22,0,50000016,50000016,,0,0,0,
17,22,0,50000017,50000017,,0,0,0,
18,22,0,50000018,50000018,,0,0,0,
51,
7,21,1,2000004,0,,1,
7,22,0,98000109,0,,1,
7,23,1,98000108,0,,1,
8,19,1,2000005,0,,1,
8,20,1,2000006,0,,1,
9,17,1,2000006,0,,1,
9,18,1,2000004,0,,1,
9,18,1,3000003,3000003,,1,0,0,
9,26,1,98000108,0,,1,
9,27,1,98000108,0,,1,
10,15,1,2000004,0,,1,
10,15,1,3000003,3000003,,1,0,0,
10,16,1,2000005,0,,1,
10,28,1,98000108,0,,1,
10,29,1,98000108,0,,1,
11,13,1,2000005,0,,1,
11,14,1,2000006,0,,1,
11,30,1,98000108,0,,1,
11,31,1,98000108,0,,1,
12,11,1,2000004,0,,1,
12,12,1,2000004,0,,1,
12,12,1,3000003,3000003,,1,0,0,
12,32,1,98000108,0,,1,
12,33,1,98000108,0,,1,
13,10,0,98000104,0,,1,
13,11,0,2000004,0,,1,
13,33,0,98000107,0,,1,
14,12,0,2000004,0,,1,
14,12,0,3000003,3000003,,1,0,0,
14,13,0,2000005,0,,1,
14,31,0,98000107,0,,1,
14,32,0,98000107,0,,1,
15,14,0,2000006,0,,1,
15,15,0,2000004,0,,1,
15,15,0,3000003,3000003,,1,0,0,
15,29,0,98000107,0,,1,
15,30,0,98000107,0,,1,
16,16,0,2000005,0,,1,
16,17,0,2000006,0,,1,
16,27,0,98000107,0,,1,
16,28,0,98000107,0,,1,
17,18,0,2000004,0,,1,
17,18,0,3000003,3000003,,1,0,0,
17,19,0,2000005,0,,1,
17,25,0,98000107,0,,1,
17,26,0,98000107,0,,1,
18,20,0,2000006,0,,1,
18,21,0,2000004,0,,1,
18,23,0,98000107,0,,1,
18,24,0,98000107,0,,1,
19,22,0,98000110,0,,1,
1,
9,22,1,1,0,,1,
1,
8,24,1,5000000,0,,1,
1637826244,
